00000000
00110001
10010000
10000000
00000010
00000001
00000001
10010001
10000000
00000001
01001001
10000000
00000001
00101001
00000010
01000001
00000000
11101001
00000000
00001010
00000001
00000000
10010001
10000000
00000001
00000111
11111111
10110111
01000111
00000000
11101001
00000000
00011011
00000000
00001010
10010000
10000000
00000010
00000001
00000001
10010001
10000000
00000001
01001001
10000000
00000001
00101001
00000010
01000001
00000000
11101001
00000000
00101011
00000001
00000000
10010001
10000000
00000001
00000111
11111111
10110111
01000111
00000000
11101001
00000000
00111100
00000000
00111001
10010000
10000000
00000010
00000001
00000001
10010001
10000000
00000001
01001001
10000000
00000001
00101001
00000010
01000001
00000000
11101001
00000000
01001100
00000001
00000000
10010001
10000000
00000001
00000111
11111111
10110111
01000111
00000000
11101001
00000000
01011101
00000000
00001010
10010000
10000000
00000010
00000001
00000001
10010001
10000000
00000001
01001001
10000000
00000001
00101001
00000010
01000001
00000000
11101001
00000000
01101101
00000001
00000000
10010001
10000000
00000001
00000111
11111111
10110111
01000111
00000000
11101001
00000000
01111110
11101100
00000000
00000000
